1085 pools loaded; 172 tokens in window
           n  med_net  mean_net  share_up  share_2x
h  hold                                            
1  4     149   -0.081    -0.202     0.161     0.027
   24    149   -0.161    -0.295     0.141     0.027
2  4     125   -0.062    -0.145     0.160     0.016
   24    125   -0.136    -0.227     0.144     0.024
4  4     110   -0.045    -0.002     0.200     0.027
   24    110   -0.116    -0.158     0.109     0.018
8  4      68   -0.044    -0.087     0.176     0.015
   24     68   -0.188    -0.067     0.132     0.015
12 4      51   -0.034    -0.089     0.216     0.000
   24     51   -0.176    -0.275     0.157     0.000
24 4      47   -0.051    -0.063     0.234     0.021
